P	17PM_#14	Myoglobin - Equus caballus (Horse). 	189	215	90	161	181	15	38	0.879	1.000	0.419	0.749	0.842	0.070	0.177	76	NA	NA	NA	NA	NA	NA	NA	NA	NA	NA	NA	NA	NA	NA	
2.6674560122E10
8.845737664E9
NA
5.43690422E8
NA
NA
2.12434706E8
2.195310019E9
NA
NA
NA
NA
NA
1270524.0
3.50332417E8
NA
1.61842481E8
9.5368736E7
NA
NA
NA
3.0722840776E10
1.0113974374E10
NA
1.5780324E7
6.5870714E8
3.39619444E8
1.7310421E8
NA
1.45212298E8
NA
NA
NA
NA
2401770.0
4.087411232E9
7.14844228E8
7.7627155E7
NA
NA
NA
NA
6.5370046E7
3.5899746E7
6225374.0
NA
NA
NA
NA
NA
1.49685834E8
3.4866046E7
NA
NA
NA
4221340.0
1.6986664E8
4.8038872E7
1.7492356E7
6816456.0
NA
NA
NA
2.57325539E8
2.10768195E8
NA
1.4029155E7
NA
NA
NA
2.7047297E8
1.95985638E8
NA
NA
NA
NA
1.752965E7
4.7450262E7
1.18499652E8
NA
NA
NA
NA
NA
2.1128933E8
2.8704705E7
NA
NA
NA
NA
NA
2.90038144E8
2.22910024E8
7.378909E7
NA
NA
NA
NA
3.34133376E8
4.59317638E8
1.59519822E8
3.9729302E7
5720254.0
NA
NA
NA
5468528.0
NA
NA
NA
NA
NA
7.9886493E7
1.5086388E7
5551643.0
NA
NA
NA
NA
NA
NA
NA
NA
NA
NA
7660338.0
2.39289896E8
NA
2.43692334E8
1.36925748E8
NA
NA
NA
NA
1.0283109E7
NA
NA
NA
NA
NA
2.039222681E9
2.800267399E9
5.18492984E8
3.8330461E7
NA
NA
NA
6.4712705956E10
2.0965381777E10
5.850656544E9
1.0031118E7
5.82847284E8
8.9608976E7
NA
7.56515918E8
NA
3.1069737E7
NA
NA
NA
NA
3.66961636E8
NA
1.663676E7
NA
NA
NA
NA
6.5147586E7
NA
NA
NA
NA
NA
NA
5.315964524E9
3.655907285E9
9.6245543E8
NA
NA
NA
NA
1.29653955E9
6.25974592E8
1.99244791E8
NA
NA
NA
2545629.0
9132695.0
NA
NA
NA
NA
NA
NA
1.47240384E8
9.005844E7
1.1830922E7
NA
1.3454748E7
NA
NA
NA
NA
1.130762E7
NA
NA
NA
NA
NA
NA
6.232243E7
3.0712282E7
NA
NA
2398988.0
NA
NA
NA
NA
NA
NA
1.4775692E7
NA
4.04089895E8
NA
NA
NA
NA
NA
NA
1.0268446E7
NA
NA
NA
NA
NA
NA
NA
2.5297502E7
NA
NA
NA
NA
NA
NA
NA
NA
NA
NA
1.10951954E8
NA
4.12794612E8
NA
NA
NA
NA
NA
4.9372357E8
NA
NA
NA
NA
NA
2.886294E7
9.69478642E8
1.5049772E8
NA
NA
NA
NA
NA
1.84926741E8
1.52754982E8
4.5159295E7
NA
NA
NA
NA
2.83397016E8
1.4031447E8
4.1915656E7
NA
4674078.0
NA
NA
NA
4.8328159E8
1.1870258715E10
3.255374268E9
NA
NA
9.07839194E8
3.230930002E10
8.602605044E9
NA
3.08453174E8
NA
NA
9.7950448E7
7.92769508E8
4.21111944E8
NA
NA
NA
NA
NA
6.92173794E8
9885538.0
8.714268E7
NA
NA
NA
NA
5.1860661E7
NA
NA
3.70860794E8
NA
NA
NA
2.31542446E9
NA
2.87132924E8
NA
NA
NA
NA
1.105615246E9
NA
1.32548618E8
NA
NA
NA
NA
1.89731621E8
NA
2.1561332E7
NA
NA
NA
NA
NA
NA
NA
NA
NA
NA
2379942.0
1.1174948E7
5021940.0
NA
NA
NA
NA
NA
4.9109111E7
NA
NA
NA
NA
NA
NA
2.4614641E7
1.2140501E7
NA
NA
NA
NA
NA
NA
NA
NA
NA
NA
NA
1.3640426E7
1.4802833E7
2.3514975E7
NA
NA
NA
NA
NA
4.81663423E8
1.77890028E8
6.6861748E7
NA
NA
NA
NA
3.9347792E7
1.7437086E7
5952786.0
NA
NA
NA
NA
7.36255125E8
3.62679338E8
NA
NA
NA
2.3799209E7
NA
7.8376766E7
4.4864543E7
NA
NA
NA
NA
NA
5.5524095721E10
2.2761100468E10
8.005484926E9
7.0347162E8
4130467.0
NA
3.01570358E8
2.7475183446E10
9.4722787E9
4.050412236E9
2.01282624E8
NA
NA
1.04799386E8
1.059707933E10
8.329232904E9
1.768698102E9
1.4258306E7
NA
NA
4.6593792E7
4.60831495E8
9.2605777E7
NA
NA
NA
NA
NA
1.2606335886E10
NA
1.88077221E9
NA
NA
NA
NA
NA
1.2211925E7
NA
NA
NA
NA
NA
1.269259879E9
4.01320052E8
1.66143924E8
NA
NA
NA
NA
2.42451404E8
1.18176562E8
3.013772E7
NA
NA
NA
1933880.0
NA
1.5593528E7
NA
NA
NA
NA
NA
NA
7.1889657E7
NA
NA
NA
NA
NA
1.301685154E9
4.57252104E8
NA
5.09418092E8
4.8314633E7
9626855.0
1.866094E7
NA
NA
NA
2789740.0
NA
NA
NA
9.78441692E8
NA
3.19126288E8
NA
NA
NA
2.86669283E8
1.7564546E8
1.766403156E9
7.7932462E7
NA
NA
NA
5.4990229E7
2.315533433E9
6.46302964E8
3.23345384E8
8.5820091E7
NA
NA
1.3452631E7
NA
3.12919908E8
NA
NA
NA
NA
1149203.0
2.798583961E9
NA
NA
2.9232318E7
NA
NA
2518056.0
