 M20141120_H37Rv_guaA_dimethyl_20141113_15ug_MP_1@@@R.AAVDSGYYPGQFQVGQTGK.T@@@11238@@@2=P 11083 11353 0.0 0.0;10876 0.0 81483.7 0.0 0.0 ;10966 0.0 0.0 0.0 86003.5 ;11011 0.0 77906.4 0.0 0.0 ;11020 0.0 133703.5 0.0 121086.2 ;11038 0.0 0.0 0.0 93076.1 ;11056 0.0 103110.7 0.0 0.0 ;11065 0.0 102364.3 0.0 0.0 ;11083 0.0 97978.6 0.0 73205.9 ;11092 0.0 0.0 152333.1 110786.6 ;11101 0.0 232299.7 240780.6 240030.5 ;11110 0.0 768582.0 721539.7 384031.8 ;11119 0.0 1177086.0 1120170.0 

======
======M.TEQQWNFAGIEAAASAIQGNVTSIHSLLDEGK.Q
======M20141120_H37Rv_guaA_dimethyl_20141113_15ug_MP_2
======18121


=================================@@@M.TEQQWNFAGIEAAASAIQGNVTSIHSLLDEGK.Q@@@M20141120_H37Rv_guaA_dimethyl_20141113_15ug_MP_2@@@18121


