<?xml version="1.0" standalone="no"?><plot><title>Peptide Ratio Distribution</title><xLabel>Ln(Ratio)</xLabel><yLabel>Determinant Factor(RxR)</yLabel><noGrid/><size width="550" height="370"/><dataset name="dmso" marks="none" connected="no" stems="no"><p x="-1.0" y="1.0" /><p x="0.0" y="1.0" /><p x="1.0" y="1.0" /></dataset></plot>

<?xml version="1.0" standalone="no"?><plot><title>Peptide Ratio Distribution</title><xLabel>Ln(Ratio)</xLabel><yLabel>Determinant Factor(RxR)</yLabel><noGrid/><size width="550" height="370"/><dataset name="dmso" marks="none" connected="no" stems="no"><p x="-1.0" y="1.0" /><p x="0.0" y="1.0" /><p x="1.0" y="1.0" /></dataset></plot>
do

P 3243 8379;3243 621 276,105.0 393.0 206.0 53.0 129.0 263.0 103.0 191.0 953.0 288.0 229.0 609.0 1075.0,0.0 0.0 0.0 0.0 26.0 97.0 422.0 0.0 7.0 0.0 8.0 0.0 1075.0,0.0 0.0 2.0 6.0 7.0 8.0 22.0 27.0 0.0 4.0 5.0 1.0 1075.0,0.0 0.0 0.0 0.0 9.0 0.0 7.0 3.0 0.0 0.0 0.0 0.0 1075.0,0.0 0.0 29.0 10.0 22.0 0.0 6.0 40.0 5.0 0.0 9.0 0.0 1075.0,0.0 0.0 0.0 8.0 9.0 11.0 6.0 0.0 0.0 0.0 4.0 8.0
1075.0,0.0 0.0 0.0 0.0 0.0 0.0 0.0 0.0 0.0 0.0 0.0 0.0 1075.0,0.0 0.0 0.0 0.0 51.0 0.0 10.0 0.0 0.0 0.0 0.0 0.0 1075.0,0.0 0.0 0.0 30.0 14.0 4.0 58.0 0.0 0.0 0.0 0.0 0.0 1075.0,0.0 0.0 0.0 15.0 26.0 0.0 0.0 0.0 0.0 0.0 0.0 0.0 1075.0,0.0 0.0 9.0 0.0 3.0 0.0 14.0 19.0 20.0 0.0 19.0 0.0 1075.0,0.0 0.0 0.0 10.0 17.0 83.0 56.0 27.0 4.0 25.0 53.0 0.0 1075.0,0.0 0.0 0.0 0.0 0.0 0.0 0.0 11.0 0.0 0.0 23.0 0.0 1075.0,0.0 0.0 0.0 0.0 0.0 0.0 46.0 0.0 0.0 0.0 0.0 18.0 1075.0,0.0 0.0 0.0 4.0 57.0 0.0 54.0 16.0 12.0 0.0 70.0 0.0 1075.0,0.0 0.0 0.0 0.0 35.0 7.0 0.0 108.0 0.0 18.0 0.0 0.0 1075.0,0.0 0.0 0.0 0.0 238.0 7.0 106.0 31.0 509.0 0.0 16.0 0.0 1075.0,0.0 0.0 0.0 0.0 0.0 0.0 0.0 0.0 0.0 0.0 0.0 0.0 1075.0,0.0 0.0 0.0 0.0 0.0 0.0 0.0 0.0 0.0 0.0 0.0 0.0 1075.0,0.0 0.0 0.0 0.0 0.0 0.0 0.0 0.0 0.0 0.0 0.0 0.0 1075.0,0.0 0.0 0.0 0.0 0.0 0.0 0.0 0.0 0.0 0.0 0.0 0.0 1075.0,0.0 0.0 0.0 0.0 0.0 0.0 0.0 0.0 0.0 0.0 0.0 0.0 1075.0,0.0 0.0 0.0 0.0 0.0 0.0 0.0 0.0 0.0 0.0 0.0 0.0 1075.0,0.0
0.0 0.0 0.0 0.0 0.0 0.0 0.0 0.0 0.0 0.0 0.0 1075.0,0.0 0.0 0.0 0.0 0.0 0.0 0.0 0.0 0.0 0.0 0.0 0.0 1075.0,0.0 0.0 0.0 0.0 0.0 0.0 0.0 0.0 0.0 0.0 0.0 0.0 1075.0,0.0 0.0 0.0 0.0 0.0 0.0 0.0 0.0 0.0
0.0 0.0 0.0 1075.0,0.0 0.0 0.0 0.0 0.0 0.0 0.0 0.0 0.0 0.0 0.0 0.0 1075.0,0.0 0.0 0.0 0.0 0.0 0.0 0.0 0.0 0.0 0.0 0.0 0.0 1075.0,0.0 0.0 0.0 0.0 0.0 0.0 0.0 0.0 0.0 0.0 0.0 0.0 1075.0;3255 411 114,87.0 181.0 213.0 19.0 190.0 126.0 302.0 198.0 487.0 288.0 396.0 659.0 1075.0,0.0 0.0 0.0 0.0 19.0 101.0 213.0 0.0 4.0 3.0 0.0 0.0 1075.0,0.0 0.0 9.0 10.0 6.0 0.0 22.0 0.0 0.0 0.0 15.0 0.0 1075.0,0.0 0.0 0.0 0.0 16.0 0.0 0.0 0.0 0.0 0.0 0.0 0.0 1075.0,0.0 0.0 5.0 0.0 68.0 0.0 0.0 9.0 0.0 0.0 0.0 0.0 1075.0,0.0 0.0 0.0 0.0 49.0 0.0 37.0 0.0 0.0 0.0 23.0 0.0 1075.0,0.0 0.0 0.0 0.0 0.0 5.0 0.0 3.0 0.0 0.0 0.0 0.0 1075.0,0.0 0.0 0.0 12.0 6.0 0.0 7.0 0.0 0.0 0.0 21.0 0.0 1075.0,0.0 0.0 0.0 0.0 0.0 4.0 32.0 13.0 0.0 0.0 4.0 0.0 1075.0,0.0 0.0 0.0 0.0 0.0 0.0 58.0 0.0 0.0 4.0 10.0 0.0 1075.0,0.0 0.0 0.0 0.0 4.0 0.0 16.0 5.0 0.0 7.0 22.0 0.0 1075.0,0.0 0.0 0.0 13.0 4.0 0.0 22.0 5.0 0.0 0.0 10.0 0.0 1075.0,0.0 0.0 0.0 0.0 0.0 0.0 0.0 11.0 0.0 0.0 23.0 0.0 1075.0,0.0 0.0 0.0 0.0 6.0 6.0 51.0 68.0 26.0 0.0 13.0 0.0 1075.0,0.0 0.0 0.0 2.0 0.0 7.0 153.0 9.0 0.0 0.0 251.0 9.0 1075.0,0.0 0.0 0.0 0.0 35.0 7.0 0.0 108.0 0.0 18.0 0.0 0.0 1075.0,0.0 0.0 0.0 0.0 238.0 7.0 106.0 31.0 509.0 0.0 16.0 0.0 1075.0,0.0 0.0 0.0 0.0 0.0 0.0 0.0 0.0 0.0 0.0 0.0 0.0 1075.0,0.0 0.0 0.0 0.0 0.0 0.0 0.0 0.0 0.0 0.0 0.0 0.0 1075.0,0.0 0.0 0.0 0.0 0.0 0.0 0.0 0.0 0.0 0.0 0.0 0.0 1075.0,0.0 0.0 0.0 0.0 0.0 0.0 0.0 0.0 0.0 0.0 0.0 0.0 1075.0,0.0 0.0 0.0 0.0 0.0 0.0 0.0 0.0 0.0 0.0 0.0 0.0 1075.0,0.0 0.0 0.0 0.0 0.0 0.0 0.0 0.0 0.0 0.0 0.0 0.0 1075.0,0.0 0.0 0.0 0.0 0.0 0.0 0.0 0.0 0.0 0.0 0.0 0.0 1075.0,0.0 0.0 0.0 0.0 0.0 0.0 0.0 0.0 0.0 0.0 0.0 0.0 1075.0,0.0 0.0 0.0 0.0 0.0 0.0 0.0 0.0 0.0 0.0 0.0 0.0 1075.0,0.0 0.0 0.0 0.0 0.0 0.0 0.0 0.0 0.0 0.0 0.0 0.0 1075.0,0.0 0.0 0.0 0.0 0.0 0.0 0.0 0.0 0.0 0.0 0.0 0.0 1075.0,0.0 0.0 0.0 0.0 0.0 0.0 0.0 0.0 0.0 0.0 0.0 0.0 1075.0,0.0 0.0 0.0 0.0 0.0 0.0 0.0 0.0 0.0 0.0 0.0 0.0 1075.0;3279 298 241,34.0 110.0 213.0 463.0 295.0 155.0 98.0 168.0 1688.0 213.0 396.0 659.0 1061.0,0.0 0.0 0.0 0.0 8.0 43.0 186.0 5.0 0.0 0.0 0.0 12.0 1061.0,0.0 0.0 0.0 0.0 69.0 0.0 0.0 0.0 0.0 0.0 21.0 0.0 1061.0,0.0 0.0 0.0 21.0 0.0 0.0 0.0 0.0 0.0 0.0 0.0
0.0 1061.0,0.0 0.0 2.0 25.0 0.0 0.0 0.0 0.0 0.0 0.0 18.0 0.0 1061.0,0.0 0.0 0.0 0.0 49.0 0.0 37.0 0.0 0.0 0.0 23.0 0.0 1061.0,0.0 9.0 0.0 3.0 28.0 8.0 0.0 0.0 0.0 4.0 1.0 17.0 1061.0,0.0 0.0 0.0 0.0 7.0 0.0 34.0 13.0 0.0 0.0 0.0 0.0 1061.0,0.0 0.0 0.0 0.0 0.0 11.0 0.0 7.0 0.0 0.0 21.0 0.0 1061.0,0.0 0.0 0.0 0.0 6.0 0.0 28.0 0.0 0.0 0.0 0.0 0.0 1061.0,0.0 0.0 0.0 0.0 13.0 0.0 62.0 0.0 0.0 8.0 21.0 0.0 1061.0,0.0 0.0 0.0 13.0 121.0 37.0 31.0 0.0 0.0 20.0 0.0 0.0 1061.0,0.0 0.0 0.0 20.0 7.0 0.0 6.0 0.0 3.0 0.0 6.0 0.0 1061.0,0.0 0.0 0.0 0.0 6.0 6.0 51.0 68.0 26.0 0.0 13.0 0.0 1061.0,0.0
0.0 0.0 2.0 0.0 7.0 153.0 9.0 0.0 0.0 251.0 9.0 1061.0,0.0 0.0 0.0 2.0 0.0 0.0 111.0 0.0 0.0 0.0 0.0 0.0 1061.0,0.0 0.0 3.0 3.0 323.0 46.0 0.0 4.0 544.0 0.0 25.0 0.0 1061.0,0.0 0.0 0.0 0.0 0.0 0.0
0.0 0.0 0.0 0.0 0.0 0.0 1061.0,0.0 0.0 0.0 0.0 0.0 0.0 0.0 0.0 0.0 0.0 0.0 0.0 1061.0,0.0 0.0 0.0 0.0 0.0 0.0 0.0 0.0 0.0 0.0 0.0 0.0 1061.0,0.0 0.0 0.0 0.0 0.0 0.0 0.0 0.0 0.0 0.0 0.0 0.0 1061.0,0.0 0.0 0.0 0.0 0.0 0.0 0.0 0.0 0.0 0.0 0.0 0.0 1061.0,0.0 0.0 0.0 0.0 0.0 0.0 0.0 0.0 0.0 0.0 0.0 0.0 1061.0,0.0 0.0 0.0 0.0 0.0 0.0 0.0 0.0 0.0 0.0 0.0 0.0 1061.0,0.0 0.0 0.0 0.0 0.0 0.0 0.0 0.0 0.0 0.0 0.0 0.0 1061.0,0.0 0.0 0.0 0.0 0.0 0.0 0.0 0.0 0.0 0.0 0.0 0.0 1061.0,0.0 0.0 0.0 0.0 0.0 0.0 0.0 0.0 0.0 0.0 0.0 0.0 1061.0,0.0 0.0 0.0 0.0 0.0 0.0 0.0 0.0 0.0 0.0 0.0 0.0 1061.0,0.0 0.0 0.0 0.0 0.0 0.0 0.0 0.0 0.0 0.0 0.0 0.0 1061.0,0.0 0.0 0.0 0.0 0.0 0.0 0.0 0.0 0.0 0.0 0.0 0.0 1061.0;3279 298 241,34.0 110.0 213.0 463.0 295.0 155.0 98.0 168.0 1688.0 213.0 396.0 659.0 1061.0,0.0 0.0 0.0 0.0 8.0 43.0 186.0 5.0 0.0 0.0 0.0 12.0 1061.0,0.0 0.0 0.0 0.0 69.0 0.0 0.0 0.0 0.0 0.0 21.0 0.0 1061.0,0.0 0.0 0.0 21.0 0.0 0.0 0.0 0.0 0.0 0.0 0.0 0.0 1061.0,0.0 0.0 2.0 25.0 0.0 0.0 0.0 0.0 0.0 0.0 18.0 0.0 1061.0,0.0 0.0 0.0 0.0 49.0 0.0 37.0 0.0 0.0 0.0 23.0 0.0 1061.0,0.0 9.0 0.0 3.0 28.0 8.0 0.0 0.0 0.0 4.0 1.0 17.0 1061.0,0.0 0.0 0.0 0.0 7.0 0.0 34.0 13.0 0.0 0.0 0.0 0.0 1061.0,0.0 0.0 0.0 0.0 0.0 11.0 0.0 7.0 0.0 0.0 21.0 0.0 1061.0,0.0 0.0 0.0 0.0 6.0 0.0 28.0 0.0 0.0 0.0 0.0 0.0 1061.0,0.0 0.0 0.0 0.0 13.0 0.0 62.0 0.0 0.0 8.0 21.0 0.0 1061.0,0.0 0.0 0.0 13.0 121.0 37.0 31.0 0.0 0.0 20.0 0.0 0.0 1061.0,0.0 0.0 0.0 20.0 7.0 0.0 6.0 0.0 3.0 0.0 6.0 0.0 1061.0,0.0 0.0 0.0 0.0 6.0 6.0 51.0 68.0 26.0 0.0 13.0 0.0 1061.0,0.0 0.0 0.0 2.0 0.0 7.0 153.0 9.0 0.0 0.0 251.0 9.0 1061.0,0.0 0.0 0.0 2.0 0.0 0.0 111.0 0.0 0.0 0.0 0.0 0.0 1061.0,0.0 0.0 3.0 3.0 323.0 46.0 0.0 4.0 544.0 0.0 25.0 0.0 1061.0,0.0 0.0 0.0 0.0 0.0 0.0 0.0 0.0 0.0 0.0 0.0 0.0 1061.0,0.0 0.0 0.0 0.0 0.0 0.0 0.0 0.0 0.0 0.0 0.0 0.0 1061.0,0.0 0.0 0.0 0.0 0.0 0.0 0.0 0.0 0.0 0.0 0.0 0.0 1061.0,0.0 0.0 0.0 0.0 0.0 0.0 0.0 0.0 0.0 0.0 0.0 0.0 1061.0,0.0 0.0 0.0 0.0 0.0 0.0 0.0 0.0 0.0 0.0 0.0 0.0 1061.0,0.0 0.0 0.0 0.0 0.0 0.0 0.0 0.0 0.0 0.0 0.0 0.0 1061.0,0.0 0.0 0.0 0.0 0.0 0.0 0.0 0.0 0.0 0.0 0.0 0.0 1061.0,0.0 0.0 0.0 0.0 0.0 0.0 0.0 0.0 0.0 0.0 0.0 0.0 1061.0,0.0 0.0 0.0 0.0 0.0
0.0 0.0 0.0 0.0 0.0 0.0 0.0 1061.0,0.0 0.0 0.0 0.0 0.0 0.0 0.0 0.0 0.0 0.0 0.0 0.0 1061.0,0.0 0.0 0.0 0.0 0.0 0.0 0.0 0.0 0.0 0.0 0.0 0.0 1061.0,0.0 0.0 0.0 0.0 0.0 0.0 0.0 0.0 0.0 0.0 0.0 0.0 1061.0,0.0 0.0 0.0 0.0 0.0 0.0 0.0 0.0 0.0 0.0 0.0 0.0 1061.0;3303 278 352,45.0 432.0 231.0 0.0 102.0 112.0 306.0 202.0 708.0 425.0 368.0 743.0 856.0,0.0 3.0 5.0 5.0 0.0 52.0 114.0 0.0 0.0 0.0 0.0 7.0
856.0,0.0 0.0 0.0 14.0 0.0 20.0 6.0 0.0 0.0 6.0 54.0 0.0 856.0,0.0 0.0 0.0 3.0 22.0 0.0 0.0 0.0 0.0 0.0 0.0 0.0 856.0,0.0 0.0 3.0 6.0 15.0 0.0 73.0 0.0 0.0 15.0 61.0 0.0 856.0,0.0 0.0 0.0 0.0 0.0 0.0 59.0 0.0 5.0 5.0 0.0 0.0 856.0,0.0 0.0 0.0 0.0 0.0 0.0 0.0 0.0 0.0 0.0 0.0 0.0 856.0,0.0 0.0 0.0 0.0 0.0 0.0 36.0 0.0 0.0 0.0 5.0 12.0 856.0,0.0 7.0 0.0 11.0 0.0 0.0 5.0 0.0 2.0 0.0 8.0 0.0 856.0,0.0 0.0 0.0 0.0 14.0 0.0 30.0 33.0 0.0 30.0 16.0 0.0 856.0,0.0 0.0 0.0 0.0 3.0 0.0 19.0 0.0 0.0 3.0 15.0 0.0 856.0,0.0 0.0 0.0 2.0 43.0 23.0 74.0 72.0 56.0 39.0 10.0 0.0 856.0,0.0 0.0 0.0 17.0 12.0 0.0 24.0 78.0 0.0 0.0 21.0 0.0 856.0,0.0 0.0 0.0 6.0 19.0 28.0 14.0 37.0 6.0 0.0 5.0 0.0 856.0,0.0 0.0 0.0 9.0 80.0 0.0 119.0 16.0 8.0 12.0 164.0 12.0 856.0,0.0 0.0 0.0 8.0 10.0 0.0 120.0 22.0 0.0 0.0 13.0 0.0 856.0,0.0 0.0 0.0 0.0 160.0 0.0 37.0 3.0 483.0 0.0 0.0 0.0 856.0,0.0 0.0 0.0 0.0 0.0 0.0 0.0 0.0 0.0 0.0 0.0 0.0 856.0,0.0 0.0 0.0 0.0 0.0 0.0 0.0 0.0 0.0 0.0 0.0 0.0 856.0,0.0 0.0
0.0 0.0 0.0 0.0 0.0 0.0 0.0 0.0 0.0 0.0 856.0,0.0 0.0 0.0 0.0 0.0 0.0 0.0 0.0 0.0 0.0 0.0 0.0 856.0,0.0 0.0 0.0 0.0 0.0 0.0 0.0 0.0 0.0 0.0 0.0 0.0 856.0,0.0 0.0 0.0 0.0 0.0 0.0 0.0 0.0 0.0 0.0 0.0 0.0 856.0,0.0 0.0 0.0 0.0 0.0 0.0 0.0 0.0 0.0 0.0 0.0 0.0 856.0,0.0 0.0 0.0 0.0 0.0 0.0 0.0 0.0 0.0 0.0 0.0 0.0 856.0,0.0 0.0 0.0 0.0 0.0 0.0 0.0 0.0 0.0 0.0 0.0 0.0 856.0,0.0 0.0 0.0 0.0 0.0 0.0
0.0 0.0 0.0 0.0 0.0 0.0 856.0,0.0 0.0 0.0 0.0 0.0 0.0 0.0 0.0 0.0 0.0 0.0 0.0 856.0,0.0 0.0 0.0 0.0 0.0 0.0 0.0 0.0 0.0 0.0 0.0 0.0 856.0,0.0 0.0 0.0 0.0 0.0 0.0 0.0 0.0 0.0 0.0 0.0 0.0 856.0;3315
277 170,45.0 322.0 125.0 0.0 197.0 162.0 255.0 196.0 376.0 469.0 409.0 459.0 856.0,0.0 0.0 0.0 8.0 9.0 85.0 34.0 19.0 0.0 0.0 0.0 0.0 856.0,0.0 0.0 0.0 0.0 0.0 3.0 48.0 0.0 0.0 0.0 9.0 0.0 856.0,0.0 0.0 0.0 3.0 22.0 0.0 0.0 0.0 0.0 0.0 0.0 0.0 856.0,0.0 0.0 0.0 0.0 17.0 10.0 21.0 48.0 0.0 0.0 0.0 12.0 856.0,0.0 0.0 0.0 0.0 0.0 0.0 13.0 0.0 0.0 0.0 0.0 0.0 856.0,0.0 0.0 0.0 0.0 0.0 0.0 0.0 0.0 0.0 0.0 0.0 0.0 856.0,0.0 0.0 0.0 10.0 14.0 0.0 0.0 0.0 7.0 9.0 6.0 0.0 856.0,0.0 7.0 4.0 0.0 0.0 0.0 12.0 0.0 0.0 0.0 12.0 0.0 856.0,0.0 0.0 0.0 20.0 4.0 0.0 8.0 0.0 0.0 0.0 11.0 0.0 856.0,0.0 0.0 0.0 6.0 6.0 0.0 0.0 0.0 24.0 7.0 32.0 0.0 856.0,0.0 0.0 0.0 0.0 22.0 0.0 130
