645 551
644 550
643 549
642 548
641 548
640 547
640 546
639 545
638 545
637 544
636 544
635 543
635 542
634 541
634 540
633 539
632 539
631 538
631 537
630 536
629 536
628 535
627 535
626 534
625 534
624 533
624 532
623 531
623 530
622 529
621 529
620 528
619 528
618 527
618 526
617 525
616 525
615 524
614 524
613 523
612 523
611 522
611 521
610 520
610 519
609 518
608 518
607 517
606 517
605 516
604 516
603 515
603 514
602 513
601 513
600 512
599 512
598 511
597 511
596 510
595 510
594 509
593 509
592 508
592 507
591 506
590 506
589 505
588 505
587 504
587 503
586 502
585 502
584 501
583 501
582 500
581 500
580 499
580 498
579 497
578 497
577 496
576 496
575 495
574 495
573 494
573 493
572 492
571 492
570 491
569 491
568 490
567 490
566 489
565 489
564 488
563 488
562 487
562 486
561 485
560 485
559 484
558 484
557 483
556 483
555 482
554 482
553 481
553 480
552 479
551 479
550 478
550 477
549 476
549 475
548 474
548 473
547 472
547 471
546 470
546 469
545 468
545 467
544 466
543 466
542 465
541 465
540 464
540 463
539 462
538 462
537 461
537 460
536 459
536 458
535 457
534 457
533 456
533 455
532 454
532 453
531 452
531 451
530 450
529 450
528 449
528 448
527 447
527 446
526 445
525 445
524 444
524 443
523 442
522 442
521 441
520 441
519 440
518 440
517 439
516 439
515 438
514 438
513 437
512 437
511 436
510 436
509 435
508 435
507 434
507 433
506 432
506 431
505 430
504 430
503 429
503 428
502 427
502 426
501 425
500 425
499 424
498 424
497 423
497 422
496 421
496 420
495 419
494 419
493 418
493 417
492 416
492 415
491 414
490 414
489 413
488 413
487 412
487 411
486 410
486 409
485 408
485 407
484 406
484 405
483 404
482 404
481 403
481 402
480 401
479 401
478 400
477 400
476 399
475 399
474 398
474 397
473 396
472 396
471 395
471 394
470 393
470 392
469 391
469 390
468 389
467 389
466 388
466 387
465 386
464 386
463 385
462 385
461 384
460 384
459 383
458 383
457 382
456 382
455 381
455 380
454 379
454 378
453 377
453 376
452 375
451 375
450 374
449 374
448 373
447 373
446 372
446 371
445 370
444 370
443 369
442 369
441 368
441 367
440 366
440 365
439 364
438 364
437 363
437 362
436 361
436 360
435 359
434 359
433 358
432 358
431 357
431 356
430 355
430 354
429 353
428 353
427 352
426 352
425 351
425 350
424 349
423 349
422 348
422 347
421 346
421 345
420 344
419 344
418 343
417 343
416 342
416 341
415 340
414 340
413 339
412 339
411 338
410 338
409 337
409 336
408 335
408 334
407 333
406 333
405 332
404 332
403 331
403 330
402 329
402 328
401 327
401 326
400 325
400 324
399 323
398 323
397 322
397 321
396 320
396 319
395 318
394 318
393 317
393 316
392 315
392 314
391 313
391 312
390 311
389 311
388 310
387 310
386 309
386 308
385 307
384 307
383 306
382 306
381 305
380 305
379 304
378 304
377 303
376 303
375 302
375 301
374 300
374 299
373 298
372 298
371 297
371 296
370 295
370 294
369 293
369 292
368 291
367 291
366 290
366 289
365 288
365 287
364 286
363 286
362 285
361 285
360 284
360 283
359 282
358 282
357 281
356 281
355 280
355 279
354 278
353 278
352 277
352 276
351 275
351 274
350 273
349 273
348 272
347 272
346 271
345 271
344 270
344 269
343 268
343 267
342 266
341 266
340 265
340 264
339 263
338 263
337 262
336 262
335 261
334 261
333 260
333 259
332 258
331 258
330 257
330 256
329 255
329 254
328 253
327 253
326 252
326 251
325 250
325 249
324 248
323 248
322 247
321 247
320 246
320 245
319 244
318 244
317 243
316 242
315 242
314 241
313 241
312 240
312 239
311 238
310 238
309 237
308 237
307 236
307 235
306 234
306 233
305 232
304 232
303 231
302 231
301 230
301 229
300 228
299 228
298 227
298 226
297 225
296 225
295 224
294 224
293 223
292 223
291 222
290 222
289 221
289 220
288 219
288 218
287 217
286 217
285 216
285 215
284 214
283 214
282 213
281 213
280 212
280 211
279 210
279 209
278 208
277 208
276 207
276 206
275 205
274 204
273 204
272 203
271 203
270 202
270 201
269 200
269 199
268 198
268 197
267 196
266 196
265 195
265 194
264 193
264 192
263 191
263 190
262 189
262 188
261 187
261 186
260 185
260 184
259 183
259 182
258 181
257 181
256 180
255 180
254 179
253 179
252 178
251 178
250 177
249 177
248 176
247 176
246 175
245 175
244 174
243 174
242 173
241 173
240 172
239 172
238 171
237 171
236 170
235 169
234 169
233 168
232 168
231 167
230 167
229 166
228 166
227 165
226 165
225 164
224 163
223 163
222 162
221 162
220 161
219 161
218 160
218 159
217 158
217 157
216 156
215 156
214 155
213 155
212 154
211 154
210 153
209 153
208 152
207 152
206 151
205 151
204 150
203 149
202 149
201 148
200 148
199 147
198 147
197 146
196 146
195 145
194 145
193 144
192 143
191 143
190 142
189 142
188 141
187 141
186 140
185 140
184 139
183 139
182 138
181 138
180 137
179 137
178 136
177 136
176 135
175 135
174 134
173 134
172 133
171 133
170 132
169 132
168 131
167 130
166 130
165 129
164 128
163 128
162 127
161 126
160 126
159 125
158 125
157 124
156 124
155 123
154 123
153 122
152 122
151 121
150 121
149 120
148 120
147 119
146 119
145 118
144 118
143 117
142 117
141 116
140 115
139 115
138 114
137 114
136 113
136 112
135 111
134 111
133 110
132 110
131 109
130 109
129 108
128 108
127 107
127 106
126 105
125 105
124 104
124 103
123 102
122 102
121 101
120 101
119 100
118 100
117 99
117 98
116 97
116 96
115 95
115 94
114 93
113 93
112 92
111 92
110 91
110 90
109 89
109 88
108 87
107 87
106 86
105 86
104 85
104 84
103 83
103 82
102 81
102 80
101 79
101 78
100 77
99 77
98 76
97 76
96 75
95 74
94 74
93 73
92 73
91 72
91 71
90 70
90 69
89 68
89 67
88 66
87 66
86 65
85 65
84 64
83 64
82 63
81 63
80 62
79 62
78 61
77 61
76 60
76 59
75 58
75 57
74 56
73 56
72 55
71 55
70 54
69 54
68 53
68 52
67 51
67 50
66 49
66 48
65 47
64 47
63 46
63 45
62 44
61 44
60 43
59 43
58 42
57 42
56 41
55 41
54 40
53 40
52 39
52 38
51 37
51 36
50 35
50 34
49 33
49 32
48 31
48 30
47 29
47 28
46 27
45 27
44 26
44 25
43 24
42 24
41 23
40 23
39 22
38 22
37 21
36 21
35 20
35 19
34 18
33 18
32 17
32 16
31 15
31 14
30 13
29 13
28 12
28 11
27 10
26 10
25 9
25 8
24 7
24 6
23 5
23 4
22 3
21 3
20 2
19 2
18 2
17 2
16 2
15 2
14 2
13 2
12 2
11 2
10 2
9 2
8 2
7 2
6 2
5 2
4 2
3 2
2 2
0 0
0 0
0 0
0 0
0 0
0 0
0 0
0 0
0 0
0 0
0 0
0 0
0 0
0 0
0 0
0 0
0 0
0 0
0 0
0 0
0 0
0 0
0 0
0 0
0 0
0 0
0 0
0 0
0 0
0 0
0 0
0 0
0 0
0 0
0 0
0 0
0 0
0 0
0 0
0 0
0 0
0 0
0 0
0 0
0 0
0 0
0 0
0 0
0 0
0 0
0 0
0 0
0 0
0 0
0 0
0 0
0 0
0 0
0 0
0 0
0 0
0 0
0 0
0 0
0 0
0 0
0 0
0 0
0 0
0 0
0 0
0 0
0 0
0 0
0 0
0 0
0 0
0 0
0 0
0 0
0 0
0 0
0 0
0 0
0 0
0 0
0 0
0 0
0 0
0 0
0 0
0 0
0 0
0 0
0 0
0 0
0 0
0 0
0 0
0 0
0 0
0 0
0 0
0 0
0 0
0 0
0 0
0 0
0 0
0 0
0 0
0 0
0 0
0 0
0 0
0 0
0 0
0 0
0 0
0 0
0 0
0 0
0 0
0 0
0 0
0 0
0 0
0 0
0 0
0 0
0 0
0 0
0 0
0 0
0 0
0 0
0 0
0 0
0 0
0 0
0 0
0 0
0 0
0 0
0 0
0 0
0 0
0 0
0 0
0 0
0 0
0 0
0 0
0 0
0 0
0 0
0 0
0 0
0 0
0 0
0 0
0 0
0 0
0 0
0 0
0 0
0 0
0 0
0 0
0 0
0 0
0 0
0 0
0 0
0 0
0 0
0 0
0 0
0 0
0 0
0 0
0 0
0 0
0 0
0 0
0 0
0 0
0 0
0 0
0 0
0 0
0 0
0 0
0 0
0 0
0 0
0 0
0 0
0 0
0 0
0 0
0 0
0 0
0 0
0 0
0 0
0 0
0 0
0 0
0 0
0 0
0 0
0 0
0 0
0 0
0 0
0 0
0 0
0 0
0 0
0 0
0 0
0 0
0 0
0 0
0 0
0 0
0 0
0 0
0 0
0 0
0 0
0 0
0 0
0 0
0 0
0 0
0 0
0 0
0 0
0 0
0 0
0 0
0 0
0 0
0 0
0 0
0 0
0 0
0 0
0 0
0 0
0 0
0 0
0 0
0 0
0 0
0 0
0 0
0 0
0 0
0 0
0 0
0 0
0 0
0 0
0 0
0 0
0 0
0 0
0 0
0 0
0 0
0 0
0 0
0 0
0 0
0 0
0 0
0 0
0 0
0 0
0 0
0 0
0 0
0 0
0 0
0 0
0 0
0 0
0 0
0 0
0 0
0 0
0 0
0 0
0 0
0 0
0 0
0 0
0 0
0 0
0 0
0 0
0 0
0 0
0 0
0 0
0 0
0 0
0 0
0 0
0 0
0 0
0 0
0 0
0 0
0 0
0 0
0 0
0 0
0 0
0 0
0 0
0 0
0 0
0 0
0 0
0 0
0 0
0 0
0 0
0 0
0 0
0 0
0 0
0 0
0 0
0 0
0 0
0 0
0 0
0 0
0 0
0 0
0 0
0 0
0 0
0 0
0 0
0 0
0 0
0 0
0 0
0 0
0 0

